0.0000 517.8065  841.7599 1262.2502 1464.9509 1768.5840 2438.6344 3117.7292 2956.4335
517.8065    0.0000  327.7995  754.4872 1023.4491 1326.0545 2037.4316 2695.7766 2611.2422
841.7599  327.7995    0.0000  427.7217  746.6637 1039.2641 1768.4948 2408.2597 2372.3664
1262.2502  754.4872  427.7217    0.0000  449.1178  685.9201 1421.8626 2026.0313 2060.5639
1464.9509 1023.4491  746.6637  449.1178    0.0000  304.6665 1021.9751 1672.3279 1634.0473
1768.5840 1326.0545 1039.2641  685.9201  304.6665    0.0000  737.4658 1370.8486 1376.7233
2438.6344 2037.4316 1768.4948 1421.8626 1021.9751  737.4658    0.0000  689.7584  666.2537
3117.7292 2695.7766 2408.2597 2026.0313 1672.3279 1370.8486  689.7584    0.0000  623.0921
2956.4335 2611.2422 2372.3664 2060.5639 1634.0473 1376.7233  666.2537  623.0921    0.0000